-3.412469625473022461e-01 -2.360115051269531250e-01 3.505034744739532471e-01 3.213080763816833496e-01 -4.862141311168670654e-01 5.669211745262145996e-01 -3.225328922271728516e-01 1.541552096605300903e-01
-2.880251109600067139e-01 -5.343803763389587402e-01 4.871207177639007568e-01 2.864682972431182861e-01 5.314235016703605652e-02 2.194299250841140747e-01 2.615782022476196289e-01 3.083602190017700195e-01
-2.853231728076934814e-01 -2.263120263814926147e-01 3.810768425464630127e-01 4.363999962806701660e-01 -4.049529433250427246e-01 -6.383532285690307617e-02 -4.088665544986724854e-01 3.847861588001251221e-01
-2.608220279216766357e-01 -2.584655880928039551e-01 -2.787813544273376465e-01 7.664654403924942017e-02 -4.198834300041198730e-01 5.229898095130920410e-01 -1.807459890842437744e-01 4.278481900691986084e-01
-2.093750387430191040e-01 -5.138170719146728516e-01 -2.111611887812614441e-02 6.230965256690979004e-02 1.293877959251403809e-01 2.277822792530059814e-01 -3.080473244190216064e-01 1.154771447181701660e-01
-4.151256978511810303e-01 -3.403326869010925293e-01 -2.360318303108215332e-01 -1.636992990970611572e-01 -4.394687116146087646e-01 3.648230731487274170e-01 -5.061202645301818848e-01 4.387063980102539062e-01
-2.660865783691406250e-01 -4.677692055702209473e-01 4.407005757093429565e-02 -9.319148957729339600e-04 -4.668023586273193359e-01 2.855956852436065674e-01 9.601654857397079468e-02 5.103325843811035156e-01
-3.743696212768554688e-01 -2.683574855327606201e-01 5.141410231590270996e-01 1.691394150257110596e-01 9.281224757432937622e-02 1.326543688774108887e-01 -2.099881619215011597e-01 4.080594778060913086e-01
-4.633907377719879150e-01 -3.400346934795379639e-01 -1.342079937458038330e-01 2.299948036670684814e-01 -5.274181962013244629e-01 3.978789746761322021e-01 -1.634330600500106812e-01 1.143453922122716904e-02
7.700081169605255127e-02 1.309640556573867798e-01 4.559629261493682861e-01 -7.070224732160568237e-02 -4.600610136985778809e-01 5.403783321380615234e-01 -4.231908917427062988e-01 3.650129437446594238e-01
-2.487131953239440918e-01 3.535757064819335938e-01 -1.340705007314682007e-01 2.463644444942474365e-01 -4.447059705853462219e-03 -8.994449675083160400e-02 -2.961698770523071289e-01 -1.363471150398254395e-01
-4.468597471714019775e-02 -2.351114898920059204e-01 3.833994865417480469e-01 1.557907164096832275e-01 1.288934051990509033e-01 -7.182061672210693359e-02 1.285455524921417236e-01 4.345439970493316650e-01
-2.921788096427917480e-01 -3.817376792430877686e-01 3.982628285884857178e-01 4.420980513095855713e-01 3.452921658754348755e-02 3.019230961799621582e-01 -4.458149969577789307e-01 -1.289899945259094238e-01
-4.689308404922485352e-01 1.542928814888000488e-01 5.446434020996093750e-01 3.532916009426116943e-01 -1.736440807580947876e-01 5.118029713630676270e-01 2.204251289367675781e-01 2.665055990219116211e-01
-4.723707139492034912e-01 2.085885405540466309e-01 -1.742149516940116882e-02 2.386929690837860107e-01 -4.325817823410034180e-01 2.671565711498260498e-01 -8.789708465337753296e-02 4.422091245651245117e-01
-3.655366301536560059e-01 2.258657068014144897e-01 2.624290063977241516e-03 4.415966868400573730e-01 -3.844808638095855713e-01 2.441550493240356445e-01 -5.285375714302062988e-01 1.452352702617645264e-01
3.105226755142211914e-01 2.298386543989181519e-01 -2.158512324094772339e-01 3.500356078147888184e-01 -2.843839228153228760e-01 1.898175477981567383e-01 4.609304666519165039e-02 -1.870157122611999512e-01
-5.004742741584777832e-01 -2.477736920118331909e-01 5.023779273033142090e-01 5.323206782341003418e-01 -4.068779945373535156e-02 7.637768983840942383e-02 -1.285719573497772217e-01 7.148084789514541626e-02
5.263594910502433777e-02 3.693419396877288818e-01 2.640677094459533691e-01 4.576035141944885254e-01 3.112883269786834717e-01 1.511997133493423462e-01 -5.500946640968322754e-01 -2.236698567867279053e-01
-4.749205112457275391e-01 -2.928002178668975830e-01 -1.097469329833984375e-01 2.926498651504516602e-01 -3.827343881130218506e-01 1.291738152503967285e-01 2.509210109710693359e-01 7.546779513359069824e-02
-3.459652662277221680e-01 -3.941456377506256104e-01 -7.285466790199279785e-02 1.369750648736953735e-01 -4.385498762130737305e-01 4.876897931098937988e-01 -4.492424130439758301e-01 2.830275595188140869e-01
-3.960556387901306152e-01 3.364392742514610291e-02 -3.928317129611968994e-01 2.639999985694885254e-01 -2.288001328706741333e-01 -2.269437164068222046e-01 -9.777057170867919922e-02 -8.390419930219650269e-02
-2.899323701858520508e-01 -4.694941043853759766e-01 -1.521871685981750488e-01 2.936291396617889404e-01 3.543289303779602051e-01 -3.000423312187194824e-01 -2.221271842718124390e-01 4.019120633602142334e-01
-3.999333828687667847e-02 -3.282896876335144043e-01 -1.718952953815460205e-01 3.134412169456481934e-01 -2.529060542583465576e-01 4.721536338329315186e-01 -5.284732580184936523e-01 5.187715291976928711e-01
-5.392295122146606445e-01 5.617342889308929443e-02 -5.399890989065170288e-02 -2.128430306911468506e-01 3.260176479816436768e-01 2.581472098827362061e-01 2.099433355033397675e-02 -3.197034895420074463e-01
-4.636241495609283447e-01 -1.566122770309448242e-01 7.959505170583724976e-02 3.230023682117462158e-01 3.339748829603195190e-03 -1.781088113784790039e-01 4.782097879797220230e-03 -2.446732856333255768e-02
-3.652763664722442627e-01 -4.466184973716735840e-01 5.383422374725341797e-01 2.951032109558582306e-02 -2.811193093657493591e-02 4.295641928911209106e-02 -5.087428092956542969e-01 -5.322063714265823364e-02
8.048224449157714844e-02 1.830043643712997437e-01 4.439051076769828796e-02 2.739218473434448242e-01 2.510026693344116211e-01 3.961010873317718506e-01 -4.180854260921478271e-01 -2.908482253551483154e-01
-4.689695835113525391e-01 -5.156087875366210938e-01 -8.282139897346496582e-02 2.789689004421234131e-01 -5.590730905532836914e-01 -1.671754196286201477e-02 -1.767141968011856079e-01 3.481395840644836426e-01
-1.053621247410774231e-01 4.003826975822448730e-01 3.503894805908203125e-01 1.159072294831275940e-02 3.679630160331726074e-01 5.363973975181579590e-02 2.603886723518371582e-01 -1.572045981884002686e-01
1.576675102114677429e-02 1.788113266229629517e-01 4.489859938621520996e-01 -1.053158789873123169e-01 6.631624698638916016e-02 3.499923646450042725e-01 2.085332572460174561e-01 5.338559746742248535e-01
-2.605149447917938232e-01 -1.797596812248229980e-01 -1.626819074153900146e-01 2.027554214000701904e-01 3.391521573066711426e-01 4.528698325157165527e-01 9.077870100736618042e-02 3.955928981304168701e-01
7.244811952114105225e-02 -2.305457592010498047e-01 -1.024730578064918518e-01 2.558981478214263916e-01 -3.674802780151367188e-01 -4.274021834135055542e-03 -4.082036316394805908e-01 2.168575823307037354e-01
1.883704215288162231e-01 3.495535850524902344e-01 -9.940315037965774536e-02 3.189499378204345703e-01 -2.665679752826690674e-01 4.338620901107788086e-01 -5.415552854537963867e-01 5.112698078155517578e-01
-2.298993617296218872e-01 -2.692814171314239502e-01 -2.239651679992675781e-01 -8.127996325492858887e-02 1.542007476091384888e-01 3.689433038234710693e-01 -3.047353625297546387e-01 5.290408805012702942e-02
2.875346839427947998e-01 2.072621583938598633e-01 -1.687926948070526123e-01 -2.135796993970870972e-01 -1.196173802018165588e-01 3.705057203769683838e-01 -2.550935745239257812e-01 -1.262361109256744385e-01
-1.213848665356636047e-01 2.357128858566284180e-01 2.687476873397827148e-01 1.135149449110031128e-01 -2.574822306632995605e-01 4.108574688434600830e-01 -4.286633729934692383e-01 1.473222225904464722e-01
1.321244090795516968e-01 3.584825694561004639e-01 9.126230329275131226e-02 8.100799471139907837e-02 1.252158880233764648e-01 2.498689889907836914e-01 -2.067247778177261353e-02 4.063817560672760010e-01
-4.911483824253082275e-01 1.995850503444671631e-01 4.922091364860534668e-01 4.393611848354339600e-01 1.526976525783538818e-01 7.159372419118881226e-02 4.002287238836288452e-02 4.243177473545074463e-01
-3.512680996209383011e-03 3.437826037406921387e-02 -8.388294279575347900e-02 2.818917930126190186e-01 2.137555330991744995e-01 3.835665583610534668e-01 2.682797908782958984e-01 3.516033589839935303e-01
-3.533642888069152832e-01 -1.487548798322677612e-01 -9.873609989881515503e-02 -1.053244769573211670e-01 -8.254260569810867310e-02 -2.815120816230773926e-01 -3.616897165775299072e-01 1.202464699745178223e-01
-3.289859592914581299e-01 -2.426423579454421997e-01 1.539808213710784912e-01 1.540637165307998657e-01 1.945209689438343048e-02 4.258411824703216553e-01 1.913234591484069824e-01 -1.672525256872177124e-01
-3.207928240299224854e-01 -3.443473279476165771e-01 1.812337487936019897e-01 1.093920916318893433e-01 -9.437499940395355225e-02 2.349392920732498169e-01 1.183236241340637207e-01 -2.049883902072906494e-01
-4.100905358791351318e-01 -1.801270991563796997e-01 7.714024186134338379e-02 3.998599052429199219e-01 1.590506136417388916e-01 -1.246589943766593933e-01 -4.402946531772613525e-01 1.149452701210975647e-01
-3.156172931194305420e-01 -3.818635642528533936e-01 -5.937092751264572144e-02 -1.526888608932495117e-01 2.034666948020458221e-02 -2.634088993072509766e-01 3.195962682366371155e-02 3.611530065536499023e-01
-2.048743516206741333e-01 -1.007913723587989807e-01 -8.300587534904479980e-02 -2.430189996957778931e-01 -7.836227864027023315e-02 3.585996925830841064e-01 -9.401172399520874023e-02 -1.481392085552215576e-01
-8.950404077768325806e-02 -4.613132178783416748e-01 -8.859428018331527710e-02 -2.852446213364601135e-02 -2.111260443925857544e-01 -1.861630678176879883e-01 -2.583379745483398438e-01 4.798531234264373779e-01
1.297630071640014648e-01 -2.199267148971557617e-01 -3.986907377839088440e-02 -2.443017065525054932e-01 2.054264694452285767e-01 9.494949877262115479e-02 -6.941876560449600220e-02 -9.968609362840652466e-02
-1.315665841102600098e-01 -2.193924039602279663e-01 -1.806987822055816650e-01 2.140998840332031250e-01 -5.036624521017074585e-02 -2.549443244934082031e-01 -1.555929034948348999e-01 4.532004147768020630e-02
-1.937232762575149536e-01 -7.436063140630722046e-02 -7.814960926771163940e-02 -5.206521600484848022e-04 2.044219374656677246e-01 -1.590604484081268311e-01 -2.690968215465545654e-01 5.101417005062103271e-02
-4.370354712009429932e-01 3.189790248870849609e-01 2.479014992713928223e-01 3.604052960872650146e-01 1.391173005104064941e-01 2.207856178283691406e-01 -2.372941970825195312e-01 -2.265807986259460449e-01
-3.013337552547454834e-01 5.872573703527450562e-02 1.431291550397872925e-01 -1.841815747320652008e-02 1.897781938314437866e-01 2.548093199729919434e-01 -4.186223745346069336e-01 1.432597935199737549e-01
-3.543735146522521973e-01 -3.689481317996978760e-01 1.425090283155441284e-01 2.473905682563781738e-01 -2.273864448070526123e-01 1.139954179525375366e-01 -2.531414926052093506e-01 -1.768822371959686279e-01
1.251504272222518921e-01 3.296481370925903320e-01 2.252397835254669189e-01 -3.591216867789626122e-03 2.443923428654670715e-02 2.675459384918212891e-01 -2.039111703634262085e-01 1.934634335339069366e-02
-1.610353142023086548e-01 -1.829786300659179688e-01 2.597518861293792725e-01 -1.883988827466964722e-01 -3.131470084190368652e-01 4.038339480757713318e-02 -2.900930941104888916e-01 1.942366212606430054e-01
-3.006157875061035156e-01 1.954022049903869629e-02 -2.105453014373779297e-01 -3.930124267935752869e-02 6.566382944583892822e-02 2.132043391466140747e-01 -7.986836880445480347e-02 -4.571619443595409393e-03
-2.502854466438293457e-01 -1.063395142555236816e-01 2.770220041275024414e-01 -8.302149176597595215e-02 -1.481273770332336426e-01 2.157430499792098999e-01 -6.586462259292602539e-02 3.167156502604484558e-02
1.867606677114963531e-02 -2.466201186180114746e-01 1.362007707357406616e-01 7.078746706247329712e-02 -1.634859442710876465e-01 2.777559161186218262e-01 -2.859000563621520996e-01 3.659921586513519287e-01
-1.901979595422744751e-01 -3.710604906082153320e-01 1.341359168291091919e-01 3.386646509170532227e-01 -3.186783194541931152e-01 6.964682042598724365e-02 -4.036001861095428467e-01 6.390192359685897827e-02
-2.738948464393615723e-01 -2.100122421979904175e-01 1.612113416194915771e-01 -8.072164654731750488e-02 -3.014703392982482910e-01 -1.819183379411697388e-01 -1.692392826080322266e-01 3.099820017814636230e-01
